# This file may be used to create an environment using:
# $ conda create --name <env> --file <this file>
# platform: win-64
annotated-types=0.6.0=pyhd8ed1ab_0
anyio=4.3.0=pyhd8ed1ab_0
bzip2=1.0.8=h2bbff1b_6
ca-certificates=2024.3.11=haa95532_0
certifi=2024.2.2=pyhd8ed1ab_0
click=8.1.7=win_pyh7428d3b_0
colorama=0.4.6=pyhd8ed1ab_0
dnspython=2.6.1=pyhd8ed1ab_1
email-validator=2.1.1=pyhd8ed1ab_0
email_validator=2.1.1=hd8ed1ab_0
exceptiongroup=1.2.0=pyhd8ed1ab_2
expat=2.6.2=hd77b12b_0
fastapi=0.111.0=pyhd8ed1ab_0
fastapi-cli=0.0.3=pyhd8ed1ab_0
h11=0.14.0=pyhd8ed1ab_0
h2=4.1.0=pyhd8ed1ab_0
hpack=4.0.0=pyh9f0ad1d_0
httpcore=1.0.5=pyhd8ed1ab_0
httpx=0.27.0=pyhd8ed1ab_0
hyperframe=6.0.1=pyhd8ed1ab_0
idna=3.7=pyhd8ed1ab_0
jinja2=3.1.4=pyhd8ed1ab_0
krb5=1.20.1=heb0366b_0
libexpat=2.6.2=h63175ca_0
libffi=3.4.4=hd77b12b_1
libpq=12.17=h906ac69_0
libsqlite=3.45.3=hcfcfb64_0
libzlib=1.2.13=hcfcfb64_5
markdown-it-py=3.0.0=pyhd8ed1ab_0
markupsafe=2.1.3=py312h2bbff1b_0
mdurl=0.1.2=pyhd8ed1ab_0
openssl=3.3.0=hcfcfb64_0
orjson=3.9.15=py312h2bbff1b_0
pip=24.0=pyhd8ed1ab_0
psycopg2=2.9.9=py312h2bbff1b_0
psycopg2-binary=2.9.9=pyhd8ed1ab_0
pydantic=2.5.3=pyhd8ed1ab_0
pydantic-core=2.14.6=py312h062c2fa_0
pygments=2.18.0=pyhd8ed1ab_0
python=3.12.3=h2628c8c_0_cpython
python-dotenv=1.0.1=pyhd8ed1ab_0
python-multipart=0.0.9=pyhd8ed1ab_0
python_abi=3.12=4_cp312
rich=13.7.1=pyhd8ed1ab_0
setuptools=69.5.1=py312haa95532_0
shellingham=1.5.4=pyhd8ed1ab_0
sniffio=1.3.1=pyhd8ed1ab_0
sqlite=3.45.3=h2bbff1b_0
starlette=0.37.2=pyhd8ed1ab_0
tk=8.6.14=h0416ee5_0
typer=0.12.3=pyhd8ed1ab_0
typer-slim=0.12.3=pyhd8ed1ab_0
typer-slim-standard=0.12.3=hd8ed1ab_0
typing-extensions=4.11.0=hd8ed1ab_0
typing_extensions=4.11.0=pyha770c72_0
tzdata=2024a=h04d1e81_0
ucrt=10.0.22621.0=h57928b3_0
ujson=5.4.0=py312hd77b12b_0
uvicorn=0.29.0=py312h2e8e312_0
vc=14.2=h21ff451_1
vc14_runtime=14.38.33130=h82b7239_18
vs2015_runtime=14.38.33130=hcb4865c_18
wheel=0.43.0=py312haa95532_0
xz=5.4.6=h8cc25b3_1
zlib=1.2.13=hcfcfb64_5
